#fg bg
2
4
1
0
0
1
1
3200
1335
0
0
1
3
#bg bg
2
2
1
0
0
1
1
3200
1335
0
0
-2
1
#bg paralax
2
3
3
0
0
1
1
1531
387
0
0
-2
2
#all other objs
0
270
470
1
223
579
153
1101
1
0
1
0
1
223
732
58
2649
1
0
1
0
1
977
518
272
347
1
0
1
0
1
2018
522
268
350
1
0
1
0
1
442
509
281
331
1
0
1
0
1
1787
613
69
946
1
0
1
0
1
2368
564
226
238
1
0
1
0
1
1787
562
228
231
1
0
1
0
1
1787
684
48
1085
1
0
1
0
1
781
509
281
135
1
0
1
0
1
442
509
58
474
1
0
1
0
1
2606
613
177
127
1
0
1
0
1
1408
562
80
274
1
0
1
0
1
2733
682
108
138
1
0
1
0
1
916
567
223
61
1
0
1
0
1
3189
200
979
11
1
0
1
0
1
442
567
12
882
1
0
1
0
1
1854
1050
4
1335
1
0
1
0
1
773
400
390
8
1
0
1
0
1
302
1090
40
47
1
0
1
0
1
1408
278
364
5
1
0
1
0
1
223
200
590
3
1
0
1
0
1
1408
275
287
5
1
0
1
0
1
556
291
131
10
1
0
1
0
1
1764
325
6
216
1
0
1
0
1
556
291
7
153
1
0
1
0
1
702
291
131
7
1
0
1
0
1
1531
360
6
149
1
0
1
0
1
1340
229
204
4
1
0
1
0
1
1408
275
3
138
1
0
1
0
1
379
1090
40
35
1
1
1
0
1
1677
692
5
110
1
1
1
0
1
1682
570
5
105
1
1
1
0
1
1682
632
4
105
1
1
1
0
1
566
419
3
136
1
1
1
0
1
1324
518
3
84
1
1
1
0
1
609
451
3
47
1
1
1
0
1
608
484
3
46
1
1
1
0
1
2679
1025
25
319
1
1
1
1
1
2184
1025
25
319
1
1
1
1
1
2105
1046
4
962
1
1
1
1
1
2620
1042
4
435
1
1
1
1
1
2125
1042
4
435
1
1
1
1
1
548
1087
36
44
1
1
1
1
1
2643
1035
4
388
1
1
1
1
1
2148
1035
4
388
1
1
1
1
1
2670
1028
4
339
1
1
1
1
1
2175
1028
4
339
1
1
1
1
1
2632
1039
3
408
1
1
1
1
1
2137
1039
3
408
1
1
1
1
1
2653
1032
3
365
1
1
1
1
1
2158
1032
3
365
1
1
1
1
1
226
575
4
216
1
1
1
1
1
426
561
18
16
1
1
1
1
1
410
562
17
16
1
1
1
1
1
394
563
16
16
1
1
1
1
1
378
564
15
16
1
1
1
1
1
363
565
14
15
1
1
1
1
1
347
566
13
16
1
1
1
1
1
243
574
1
199
1
1
1
1
1
331
567
12
16
1
1
1
1
1
259
573
1
183
1
1
1
1
1
263
572
1
179
1
1
1
1
1
315
568
11
16
1
1
1
1
1
267
571
1
175
1
1
1
1
1
299
569
10
16
1
1
1
1
1
283
570
1
159
1
1
1
1
